10 10
1	21	6	71	9	16	8	52	7	26	2	34	0	53	4	21	3	55	5	95
4	55	2	31	5	98	9	79	0	12	7	66	1	42	8	77	6	77	3	39
3	34	2	64	8	62	1	19	4	92	9	79	7	43	6	54	0	83	5	37
1	87	3	69	2	87	7	38	8	24	9	83	6	41	0	93	5	77	4	60
2	98	0	44	5	25	6	75	7	43	1	49	4	96	9	77	3	17	8	79
2	35	3	76	5	28	9	10	4	61	6	9	0	95	8	35	1	7	7	95
3	16	2	59	0	46	1	91	9	43	8	50	6	52	5	59	4	28	7	27
1	45	0	87	3	41	4	20	6	54	9	43	8	14	5	9	2	39	7	71
4	33	2	37	8	66	5	33	3	26	7	8	1	28	6	89	9	42	0	78
8	69	9	81	2	94	4	96	3	27	0	69	7	45	6	78	1	74	5	84

10 5
1	21	0	53	4	95	3	55	2	34
0	21	3	52	4	16	2	26	1	71
3	39	4	98	1	42	2	31	0	12
1	77	0	55	4	79	2	66	3	77
0	83	3	34	2	64	1	19	4	37
1	54	2	43	4	79	0	92	3	62
3	69	4	77	1	87	2	87	0	93
2	38	0	60	1	41	3	24	4	83
3	17	1	49	4	25	0	44	2	98
4	77	3	79	2	43	1	75	0	96

10 10
1	21	6	71	9	16	8	52	7	26	2	34	0	53	4	21	3	55	5	95
4	55	2	31	5	98	9	79	0	12	7	66	1	42	8	77	6	77	3	39
3	34	2	64	8	62	1	19	4	92	9	79	7	43	6	54	0	83	5	37
1	87	3	69	2	87	7	38	8	24	9	83	6	41	0	93	5	77	4	60
2	98	0	44	5	25	6	75	7	43	1	49	4	96	9	77	3	17	8	79
2	35	3	76	5	28	9	10	4	61	6	9	0	95	8	35	1	7	7	95
3	16	2	59	0	46	1	91	9	43	8	50	6	52	5	59	4	28	7	27
1	45	0	87	3	41	4	20	6	54	9	43	8	14	5	9	2	39	7	71
4	33	2	37	8	66	5	33	3	26	7	8	1	28	6	89	9	42	0	78
8	69	9	81	2	94	4	96	3	27	0	69	7	45	6	78	1	74	5	84

15    5								
1	21	2	34	4	95	0	53	3	55
3	52	4	16	1	71	2	26	0	21
2	31	0	12	1	42	3	39	4	98
3	77	1	77	4	79	0	55	2	66
4	37	3	34	2	64	1	19	0	83
2	43	1	54	0	92	3	62	4	79
0	93	3	69	1	87	4	77	2	87
0	60	1	41	2	38	4	83	3	24
2	98	3	17	4	25	0	44	1	49
0	96	4	77	3	79	1	75	2	43
4	28	2	35	0	95	3	76	1	7
0	61	4	10	2	95	1	9	3	35
4	59	3	16	1	91	2	59	0	46
4	43	1	52	0	28	2	27	3	50
0	87	1	45	2	39	4	9	3	41


2 2
0 3 1 2
1 5 0 1

3 3
0 7 1 7 2 15
1 15 0 17 2 4
0 7 1 25 2 8 



/*
文件名为input.txt，文本文件格式为：
首行输入产品数和机器数，格式为：
<产品数目> <空格><机器数目><\n>
之后每一行代表一个产品的加工订单，最后一行‘-1’表示结束。
每行的订单输入格式规定如下：
<产品序号><空格><(><按顺序的工序所花时间><,><工序指定机器号><空格><)>...<\n> 
*/